Nächstes Dataset mit echten Daten:

Ziel:
- mindestens 10 benutzbare aufnahmen pro ball-gun setting
- nur top-/backspins
- Bias tuning sodass logo gut sichtbar ist


Übungen: (Spin, Sidespin)
1. (2, -1), (2, 0),   (2, 1),   (3, -2), (3, -1), (3, 0),  (3, 1),   (3, 2),   (4, -3), (4, -2)  -> 10 Schüsse
2. (4, 0),  (4, 1),   (4, 2),   (4, 3),  (5, -3), (5, -2), (5, -1),  (5, 0),   (5, 1),  (5, 2)   -> 10 Schüsse
3. (5, 3),  (6, -4),  (6, -3),  (6, -2), (6, -1), (6, 0),  (6, 1),   (6, 2),   (6, 3),  (6, 4)   -> 10 Schüsse
4. (7, -4), (7, -3),  (7, -2),  (7, -1), (7, 0),  (7, 1),  (7, 2),   (7, 3),   (7, 4),  (-1, 0)  -> 10 Schüsse
5. (-2, 0), (-3, -2), (-3, -1), (-3, 0), (-3, 1), (-3, 2), (-4, -2), (-4, -1), (-4, 0), (-4, 1)  -> 10 Schüsse
6. (-4, 2), (-5, -2), (-5, -1), (-5, 0), (-5, 1), (-5, 2), (7, 0),   (-5, 0),  (2, 0),  (-2, 0)  -> 10 Schüsse


